34580402 34581573
34580402 34581168
34580413 34581254
34580431 34581401
34580431 34581576
34580440 34581390
34580440 34581211
34580440 34580958
34580443 34581390
34580443 34581211
34580443 34580958
34580472 34581075
34580472 34581076
34580490 34580856
34580490 34580642
34580495 34581590
34580495 34580967
34580505 34581063
34580520 34581458
34580522 34581456
34580522 34580726
34580527 34580704
34580529 34580704
34580536 34580958
34580536 34580658
34580555 34580822
34580559 34580958
34580590 34580704
34580590 34580768
34580590 34580767
34580630 34581608
34580630 34580720
34580633 34581292
34580642 34580490
34580642 34581237
34580658 34580536
34580658 34581335
34580689 34580958
34580704 34580527
34580704 34580807
34580704 34580529
34580704 34580590
34580715 34581573
34580715 34581168
34580718 34581034
34580718 34581032
34580720 34580630
34580720 34581606
34580720 34581608
34580724 34581457
34580725 34580726
34580725 34581484
34580726 34580522
34580726 34580725
34580731 34580732
34580732 34580731
34580767 34580876
34580767 34580973
34580767 34580590
34580767 34580878
34580767 34580877
34580768 34580877
34580768 34580878
34580768 34580973
34580768 34580876
34580768 34580590
34580774 34581288
34580804 34580856
34580804 34580924
34580807 34580704
34580821 34581573
34580821 34581168
34580822 34580555
34580848 34580958
34580852 34581436
34580852 34581409
34580856 34580804
34580856 34580490
34580876 34580768
34580876 34580767
34580877 34580767
34580877 34580768
34580878 34580768
34580878 34580767
34580924 34580804
34580924 34581063
34580934 34581288
34580939 34581288
34580958 34580536
34580958 34580440
34580958 34580848
34580958 34581622
34580958 34580689
34580958 34581211
34580958 34581287
34580958 34581630
34580958 34581335
34580958 34580443
34580958 34580559
34580967 34581240
34580967 34580495
34580973 34580768
34580973 34580767
34581008 34581390
34581012 34581390
34581013 34581390
34581014 34581390
34581015 34581390
34581032 34580718
34581034 34580718
34581040 34581044
34581041 34581042
34581042 34581044
34581042 34581041
34581044 34581042
34581044 34581040
34581063 34580924
34581063 34580505
34581075 34580472
34581076 34580472
34581105 34581555
34581134 34581333
34581134 34581512
34581168 34581573
34581168 34580402
34581168 34580821
34581168 34580715
34581169 34581390
34581170 34581390
34581171 34581390
34581172 34581390
34581173 34581390
34581211 34580440
34581211 34580958
34581211 34580443
34581237 34580642
34581240 34580967
34581254 34580413
34581287 34580958
34581288 34580934
34581288 34580774
34581288 34580939
34581292 34580633
34581333 34581601
34581333 34581551
34581333 34581134
34581335 34580658
34581335 34580958
34581345 34581512
34581390 34581170
34581390 34581173
34581390 34581015
34581390 34580443
34581390 34581013
34581390 34581172
34581390 34581169
34581390 34581008
34581390 34581171
34581390 34581012
34581390 34581014
34581390 34580440
34581401 34580431
34581409 34580852
34581410 34581512
34581411 34581512
34581436 34580852
34581456 34581457
34581456 34580522
34581457 34581456
34581457 34580724
34581457 34581458
34581458 34580520
34581458 34581457
34581484 34580725
34581512 34581411
34581512 34581551
34581512 34581134
34581512 34581345
34581512 34581410
34581551 34581512
34581551 34581333
34581555 34581105
34581555 34581586
34581573 34581168
34581573 34580821
34581573 34580715
34581573 34580402
34581576 34580431
34581586 34581555
34581590 34580495
34581601 34581333
34581606 34581608
34581606 34580720
34581608 34580630
34581608 34581606
34581608 34580720
34581622 34580958
34581630 34580958
